08248
09830
09865
10000
10096
10122
10253
10355
10450
10485
10488
10521
10530
10577
10718
10789
10854
10865
10982
11048
11063
11103
11141
11157
11161
11177
11190
11219
11228
11246
11295
11302
11478
11491
11514
11539
11541
11589
11593
11609
11623
11625
11644
11735
11738
11758
11858
11912
11961
11964
11988
11990
11997
12002
12024
12038
12046
12048
12058
12067
12072
12086
12105
12106
12107
12109
12114
12127
12137
12138
12144
12148
12163
12188
12191
12196
12214
12215
12220
12234
12241
12250
12291
12318
12333
12334
12353
12356
12364
12372
12411
12432
12445
12472
12473
12504
12512
12544
12549
12564
12580
12591
12597
12600
12615
12637
12642
12656
